1142784534204882944
1142767618086133761
1142567481124503552
1142543983656218624
1142506687020130306
1142506683660455936
1142506680300789761
1142476293331738624
1142474437264105472
1142474158678466560
1142462134925877248
1142461955900420096
1142461901445718016
1142461806935445504
1142461457495470082
1142435387496902656
1142410006513500161
1142409512240013313
1142264023825735681
1142263935904747520
1142263375327584258
1142157838153895941
1142055392488374272
1142055388965212161
1142055383193804801
1142055375186907136
1142044452258766849
1142044450413301760
1141833755033767943
1141765119929700353
1141711064305983488
1141710851617034240
1141706991464849408
1141499029727121408
1141481280653209600
1141445414824136704
1141442879518322689
1141432478491717632
1141432472602927108
1141362325619916801
1141349936044417024
1141349463904141320
1141349462478135296
1141328504929300480
1141167008739971072
1141164726593998850
1141163403186245632
1141161757819441152
1141160822988771328
1141132100273418240
1141081177392128002
1141027595380826118
1141027593774346240
1140988251584569350
1140984860628213760
1140977371421564928
1140944847039324160
1140942625475837954
1140935620291964928
1140849141796474880
1140844412127326208
1140804748423118848
1140796187248922625
1140791402323959809
1140791400658870274
1140768516288782336
1140696990843572225
1140647726209781760
1140591670280564737
1140590099870171137
1140443450321657866
1140438692605190144
1140436717511593984
1140436006472245248
